567.56 229.34 
732.09 164.85 
377.41 656.01 
975.06 592.50 
949.21 802.98 
566.74 160.40 
194.16 589.59 
340.33 445.83 
499.94 744.09 
987.31 195.75 
911.61 723.41 
410.59 229.53 
536.03 762.08 
290.84 503.35 
260.95 878.19 
180.42 389.91 
228.41 914.83 
191.88 176.17 
854.18 745.03 
495.55 432.46 
332.83 218.22 
692.79 855.80 
920.18 676.58 
779.66 641.07 
732.42 418.78 
467.23 182.59 
453.77 340.47 
373.98 759.67 
792.63 428.09 
955.78 208.77 
276.86 635.41 
889.23 136.28 
729.07 320.20 
674.03 173.72 
312.37 769.53 
569.90 229.83 
387.33 491.45 
433.47 641.83 
670.56 401.58 
471.43 479.15 
835.75 482.61 
574.62 102.99 
147.76 544.44 
849.59 134.61 
670.35 163.75 
112.63 235.44 
237.88 530.90 
362.31 652.35 
532.49 581.52 
495.68 931.11 
256.07 942.48 
784.33 550.89 
538.97 868.74 
475.47 383.57 
675.10 800.26 
133.95 730.22 
524.52 216.79 
990.61 238.43 
274.19 718.49 
312.70 453.47 
397.00 410.57 
262.16 506.18 
600.42 320.50 
457.09 191.11 
604.84 825.34 
702.07 437.62 
642.41 717.37 
303.20 527.49 
917.19 286.77 
633.51 861.71 
616.73 348.74 
963.63 730.03 
216.49 393.29 
524.47 786.01 
466.76 386.50 
416.75 580.91 
903.65 400.51 
333.19 859.54 
273.95 800.81 
809.02 971.11 
815.37 768.84 
566.52 198.17 
781.67 588.38 
569.10 557.07 
554.49 973.06 
750.52 972.56 
431.55 363.84 
134.94 179.98 
132.41 574.57 
713.66 958.44 
612.31 112.96 
593.36 647.22 
224.29 856.32 
182.65 149.60 
221.07 208.85 
631.70 176.52 
836.46 719.92 
290.56 733.30 
237.22 290.32 
802.57 502.83 
986.60 345.44 
697.48 428.03 
308.69 503.05 
700.67 947.13 
296.30 913.81 
423.72 784.06 
850.80 603.00 
752.17 248.29 
696.27 391.26 
595.66 746.15 
757.61 522.46 
516.86 757.25 
143.62 676.99 
103.82 679.16 
625.66 598.60 
702.43 593.41 
852.26 912.68 
373.54 655.76 
690.53 564.41 
791.47 764.03 
535.18 354.73 
348.33 206.85 
675.34 902.30 
381.01 245.74 
859.87 909.31 
585.42 434.54 
652.33 259.99 
634.34 628.71 
715.53 329.15 
264.00 387.52 
216.60 629.23 
445.50 523.23 
393.40 373.90 
606.05 298.83 
472.42 486.62 
816.36 429.02 
479.29 231.81 
309.30 886.40 
732.12 197.18 
345.83 966.71 
858.60 404.93 
993.24 515.82 
727.31 780.46 
732.09 771.94 
733.90 856.16 
156.97 125.82 
232.80 538.92 
686.83 352.25 
555.10 619.04 
450.31 616.15 
603.00 348.99 
762.28 205.97 
461.93 670.04 
156.55 797.93 
120.46 514.69 
190.69 403.95 
639.06 163.39 
888.60 406.53 
257.60 883.51 
136.23 733.71 
883.65 428.28 
996.79 977.07 
350.22 624.92 
759.53 506.09 
285.48 528.53 
789.88 982.12 
483.90 371.51 
194.46 724.40 
619.56 585.06 
668.15 532.30 
892.93 422.40 
837.81 515.93 
850.97 260.52 
269.03 338.99 
571.55 409.36 
451.02 426.33 
752.80 506.53 
425.45 339.89 
497.83 425.15 
474.86 876.02 
135.90 473.57 
736.40 686.80 
669.93 914.72 
956.19 279.44 
891.73 383.15 
850.22 595.94 
855.00 428.56 
987.48 926.72 
147.19 462.64 
960.31 461.05 
550.45 238.93 
158.75 127.74 
632.44 442.45 
613.27 928.67 
857.83 518.18 
122.19 818.83 
460.72 515.85 
329.62 735.88 
169.05 679.79 
868.82 231.84 
121.15 161.22 
637.14 510.98 
765.46 281.99 
718.11 725.97 
583.74 226.90 
316.25 836.24 
228.82 493.73 
919.96 481.54 
616.87 178.28 
158.59 873.19 
965.45 723.14 
469.07 957.07 
517.52 407.74 
537.52 250.65 
942.35 308.58 
931.94 508.07 
553.69 606.81 
891.26 615.16 
736.13 772.19 
586.32 268.92 
419.68 500.96 
218.79 543.64 
794.30 535.90 
373.16 696.91 
603.49 246.86 
387.91 919.06 
609.12 999.86 
961.08 478.77 
266.91 492.25 
556.00 968.14 
703.94 583.52 
823.20 500.05 
638.26 298.01 
703.20 261.75 
231.92 129.25 
726.82 276.58 
417.27 123.07 
778.04 378.02 
987.61 768.15 
235.14 348.68 
292.76 871.68 
855.88 827.40 
730.39 548.70 
621.98 737.75 
372.77 803.01 
509.28 940.78 
121.15 627.72 
698.36 865.50 
426.94 203.63 
991.57 519.80 
771.04 323.91 
852.37 935.48 
241.84 322.23 
332.18 149.77 
702.62 833.91 
900.76 277.30 
988.41 166.74 
245.13 275.02 
723.88 510.74 
753.65 753.32 
401.94 164.22 
549.63 836.88 
114.45 604.81 
291.36 827.62 
674.96 983.11 
903.23 573.85 
524.61 767.52 
253.92 997.75 
261.89 217.97 
847.59 484.86 
986.35 517.19 
542.93 788.92 
197.09 436.82 
866.65 654.33 
237.33 367.64 
436.11 810.51 
624.53 690.78 
857.45 340.14 
957.40 819.16 
714.26 875.33 
140.57 286.39 
513.07 424.16 
617.00 112.00 
500.57 481.21 
649.06 420.48 
718.66 124.94 
438.88 642.60 
512.80 755.13 
628.79 977.26 
559.35 573.33 
971.76 641.67 
127.49 659.88 
213.66 588.16 
741.18 850.11 
476.65 815.70 
857.15 963.17 
985.31 854.21 
824.16 886.56 
625.68 750.08 
939.52 669.30 
478.00 330.56 
168.01 427.29 
613.52 375.38 
839.57 313.33 
296.41 773.98 
790.40 355.71 
381.09 195.78 
764.06 417.68 
845.66 452.51 
437.57 981.79 
352.01 279.96 
988.38 511.23 
673.67 617.75 
167.68 892.50 
381.23 714.87 
496.01 511.07 
426.61 839.62 
346.35 864.75 
616.62 821.49 
230.58 866.48 
616.21 303.58 
354.95 240.71 
672.57 733.49 
160.12 565.81 
399.88 570.56 
211.32 165.84 
716.43 838.25 
954.32 205.33 
973.44 799.00 
502.91 189.05 
867.39 880.30 
373.57 221.13 
975.91 729.73 
632.52 825.81 
707.64 527.35 
571.33 583.14 
107.36 633.32 
776.48 383.29 
706.38 498.95 
208.30 151.69 
158.94 919.69 
355.38 448.66 
155.98 657.27 
179.52 196.82 
755.35 510.41 
217.28 239.01 
620.96 460.77 
453.72 379.86 
609.92 273.56 
433.45 514.58 
499.23 880.19 
625.41 697.51 
692.32 720.97 
906.39 853.99 
495.96 576.99 
579.13 388.48 
308.50 267.82 
290.73 192.12 
209.81 744.53 
366.65 102.75 
493.43 355.17 
426.39 620.69 
231.92 611.43 
196.16 133.15 
315.94 334.46 
984.26 950.89 
757.17 707.67 
534.52 109.39 
496.54 115.02 
524.30 738.90 
307.84 392.99 
521.42 154.88 
837.37 673.67 
366.51 373.82 
870.30 448.08 
996.48 805.78 
464.70 627.03 
473.88 828.06 
543.42 828.03 
438.75 792.54 
884.31 566.33 
848.11 370.02 
700.28 778.21 
918.56 784.30 
148.67 754.59 
338.03 839.84 
661.69 412.98 
662.02 495.30 
637.39 286.42 
960.06 986.95 
582.78 156.64 
227.94 854.10 
749.42 410.43 
631.53 270.65 
851.60 746.87 
697.37 435.20 
208.49 313.69 
416.39 523.04 
700.56 200.83 
175.45 553.28 
980.55 669.33 
183.33 974.21 
530.29 343.68 
305.92 119.67 
203.63 545.98 
676.69 140.27 
745.91 399.50 
298.06 961.66 
330.86 280.35 
299.27 973.80 
705.83 144.96 
966.13 203.93 
485.14 411.80 
108.49 376.56 
483.16 925.18 
781.34 313.03 
526.94 279.58 
824.32 875.05 
939.52 932.35 
136.28 803.64 
734.32 782.82 
849.95 358.27 
311.27 946.66 
321.99 407.93 
695.50 502.47 
705.20 378.26 
808.56 739.92 
817.18 707.21 
113.93 486.40 
372.06 612.80 
926.33 541.50 
290.40 425.92 
625.93 596.38 
352.97 191.00 
468.41 366.87 
414.38 188.42 
530.68 918.07 
141.47 481.02 
283.78 808.61 
793.04 638.13 
432.87 133.04 
405.46 340.53 
315.39 789.93 
300.86 218.99 
897.77 753.95 
782.79 929.71 
461.38 380.65 
335.00 719.84 
218.63 521.23 
489.64 286.36 
649.11 575.83 
979.56 780.90 
397.19 563.42 
841.11 164.16 
121.31 936.61 
882.61 762.96 
635.74 619.01 
684.35 832.73 
435.04 493.84 
845.66 979.02 
842.56 221.46 
944.49 940.70 
472.89 114.17 
325.64 488.41 
749.37 446.41 
282.63 641.07 
566.93 928.37 
349.31 953.55 
941.36 821.30 
766.64 779.06 
434.96 622.44 
240.19 258.81 
399.88 397.85 
154.30 842.53 
829.38 191.19 
758.07 192.54 
457.48 286.69 
489.12 174.93 
798.45 454.18 
150.87 290.84 
765.43 454.70 
608.44 650.60 
460.25 934.30 
219.29 344.43 
773.87 684.68 
464.13 912.60 
288.86 198.55 
793.51 767.74 
424.27 297.71 
155.87 173.31 
513.32 362.03 
622.80 830.50 
954.76 237.88 
876.81 777.19 
628.79 453.47 
177.46 151.91 
417.40 319.57 
571.68 526.12 
820.59 243.98 
963.28 757.36 
108.46 637.19 
507.77 867.39 
800.37 138.07 
448.33 697.37 
310.97 837.40 
257.74 344.04 
554.96 727.12 
602.69 829.49 
649.75 854.01 
895.71 307.81 
307.79 205.36 
350.25 462.15 
558.91 405.15 
205.11 394.42 
592.61 448.52 
733.08 761.67 
762.17 853.05 
599.76 861.60 
639.88 154.63 
288.53 620.96 
365.22 426.28 
956.71 989.32 
475.55 247.77 
438.69 291.58 
360.88 804.60 
262.14 742.83 
432.46 843.93 
192.18 177.59 
946.69 766.12 
469.59 297.92 
774.11 579.57 
858.77 192.29 
754.94 297.16 
470.55 129.03 
530.98 102.58 
976.24 577.43 
695.28 764.42 
977.70 759.34 
949.43 726.02 
349.84 584.68 
709.81 249.83 
520.62 373.82 
952.95 943.78 
604.37 419.93 
240.63 247.83 
554.11 194.65 
815.97 709.38 
448.44 149.91 
609.97 324.98 
778.65 519.14 
550.34 876.89 
951.52 971.27 
312.62 542.43 
873.76 919.96 
204.02 504.42 
133.34 742.14 
321.24 840.56 
543.72 108.05 
272.41 120.13 
266.06 876.54 
503.79 986.24 
575.75 858.30 
422.21 150.90 
888.38 300.73 
653.54 182.65 
410.65 196.98 
127.80 813.09 
932.68 772.60 
731.84 841.60 
326.05 852.64 
319.95 766.20 
964.54 163.01 
323.08 318.11 
132.11 768.46 
647.30 828.97 
134.55 700.31 
902.27 307.90 
679.79 278.07 
450.01 157.65 
442.89 676.64 
115.08 606.92 
981.41 843.30 
746.26 187.34 
316.14 217.20 
570.64 633.84 
843.93 754.48 
930.95 135.21 
896.84 412.02 
746.26 614.64 
914.69 393.45 
987.09 266.67 
745.41 309.87 
405.32 630.05 
139.58 858.93 
209.62 323.83 
554.60 775.08 
727.17 225.11 
533.75 454.32 
541.77 316.55 
776.48 806.52 
949.82 381.64 
364.75 738.22 
123.79 975.99 
261.81 719.43 
524.91 652.79 
948.36 537.21 
454.40 270.46 
412.13 489.42 
485.36 460.55 
956.63 421.36 
164.49 384.20 
444.02 459.15 
425.42 955.31 
738.74 542.02 
603.57 858.16 
866.29 807.51 
993.35 238.18 
454.13 832.18 
738.54 393.56 
769.17 681.14 
196.22 845.88 
118.18 869.51 
264.96 118.07 
626.48 588.77 
617.88 697.84 
660.48 301.58 
131.09 214.18 
710.01 857.64 
548.67 806.03 
595.50 733.96 
473.90 710.14 
516.39 652.82 
528.26 947.24 
905.71 980.33 
468.19 133.70 
106.70 258.73 
100.60 397.82 
137.41 975.66 
987.72 127.91 
658.31 323.36 
981.54 130.98 
408.94 851.35 
179.10 729.81 
629.36 764.89 
438.80 176.55 
931.31 573.33 
848.27 711.30 
135.68 240.74 
984.84 243.18 
641.29 142.27 
859.01 282.74 
940.40 679.38 
381.51 903.18 
947.40 356.68 
744.59 758.98 
255.60 674.33 
658.07 839.76 
487.88 538.07 
631.32 287.76 
857.12 240.85 
140.90 956.79 
801.55 418.94 
875.19 940.92 
611.24 735.14 
896.34 951.08 
410.79 793.26 
110.33 167.65 
114.26 835.86 
985.58 947.15 
717.56 229.23 
610.69 810.86 
544.44 288.31 
332.37 994.45 
311.25 444.73 
263.62 985.33 
726.40 611.21 
403.09 227.17 
189.73 545.23 
856.32 718.91 
608.16 965.58 
399.22 186.52 
992.31 824.10 
274.61 156.06 
350.52 886.62 
762.50 605.50 
345.47 825.56 
114.31 123.84 
429.02 877.69 
492.50 255.98 
221.18 670.07 
805.04 560.40 
948.50 867.12 
876.70 158.83 
907.57 242.25 
446.52 405.87 
169.77 127.11 
333.05 155.84 
491.98 741.24 
957.48 756.21 
349.51 455.67 
165.12 544.69 
756.89 493.49 
836.85 478.88 
191.77 920.40 
529.52 676.06 
587.95 328.33 
637.74 491.54 
912.74 365.47 
116.12 813.56 
294.77 515.74 
453.72 503.02 
717.51 480.61 
440.59 955.94 
644.11 966.82 
217.56 816.91 
189.62 432.70 
349.48 221.73 
205.58 196.55 
112.72 197.34 
593.11 159.99 
537.74 396.78 
909.85 249.39 
196.98 597.89 
486.65 628.79 
978.93 143.67 
219.23 486.95 
138.95 752.17 
550.84 152.38 
267.60 574.29 
511.15 938.53 
866.81 227.61 
427.48 273.01 
474.65 584.40 
573.58 813.91 
929.63 441.49 
171.61 505.74 
414.55 851.05 
713.39 278.84 
171.17 839.29 
915.87 845.12 
725.77 292.18 
777.00 992.89 
816.44 135.73 
247.47 334.51 
963.08 289.05 
983.63 909.74 
570.12 818.53 
297.76 697.56 
402.85 470.91 
170.89 440.26 
228.24 714.04 
644.06 632.39 
760.46 462.29 
453.19 177.79 
601.87 416.09 
324.13 568.22 
920.43 392.68 
292.21 986.05 
453.44 476.82 
863.19 784.61 
779.06 169.02 
280.21 149.39 
845.61 960.28 
413.26 992.86 
699.46 210.22 
935.81 686.03 
602.50 658.34 
605.25 480.44 
179.05 944.60 
612.03 523.07 
883.71 469.37 
913.34 617.50 
229.83 169.46 
717.12 234.61 
870.44 139.09 
331.87 725.91 
470.77 873.63 
247.74 542.10 
764.45 964.27 
964.95 811.08 
832.95 721.93 
334.59 377.17 
399.36 958.44 
928.20 355.96 
677.18 102.69 
800.73 907.05 
664.44 480.80 
863.49 377.85 
724.07 837.37 
432.15 222.45 
540.95 326.90 
665.59 647.33 
596.51 952.84 
961.13 288.09 
551.03 382.41 
821.85 169.99 
974.92 816.17 
361.73 955.34 
918.97 638.95 
263.98 930.70 
464.67 831.93 
658.29 837.75 
745.00 972.64 
632.72 499.97 
676.22 601.87 
545.81 549.00 
891.70 585.20 
754.50 503.40 
617.75 447.32 
723.38 203.19 
682.82 707.43 
231.18 353.08 
200.12 793.75 
339.81 177.73 
114.53 665.15 
441.82 541.91 
254.53 318.22 
751.81 638.84 
379.39 807.84 
257.25 200.03 
862.67 959.13 
394.72 729.29 
902.49 599.54 
866.87 614.26 
699.05 888.35 
565.72 118.87 
990.39 872.44 
818.28 309.38 
986.40 646.09 
519.53 217.31 
692.51 342.89 
169.08 592.59 
562.95 838.22 
776.56 549.63 
874.81 789.91 
251.48 859.97 
962.78 395.84 
243.68 194.02 
706.22 196.08 
849.13 765.65 
808.15 797.82 
647.47 682.24 
657.44 851.38 
186.55 253.51 
214.70 955.28 
279.71 462.53 
212.28 918.75 
431.22 151.31 
809.16 759.09 
455.89 725.00 
191.46 963.03 
707.97 627.20 
459.10 689.43 
385.60 989.51 
688.97 241.73 
125.79 208.99 
715.80 188.28 
255.98 656.01 
920.87 758.65 
917.60 765.85 
869.23 193.99 
827.34 217.50 
986.57 179.76 
891.86 452.26 
215.52 838.66 
441.27 335.50 
142.82 611.98 
397.24 714.84 
437.32 607.83 
241.45 577.67 
589.95 843.88 
399.55 361.29 
896.04 562.84 
506.89 518.51 
570.56 849.37 
671.09 992.28 
337.09 125.49 
697.48 502.03 
181.05 553.78 
792.71 395.32 
507.61 625.41 
512.33 267.27 
995.41 962.21 
368.16 901.64 
886.23 409.71 
160.43 836.13 
401.42 450.58 
251.18 305.18 
725.86 415.32 
743.82 663.73 
449.65 619.31 
284.85 444.29 
308.75 403.78 
253.35 451.44 
614.64 109.12 
753.60 145.87 
514.00 258.46 
476.82 422.10 
568.86 679.68 
347.53 431.96 
697.73 944.30 
519.77 858.00 
368.87 350.55 
539.58 388.95 
285.51 630.11 
338.58 501.26 
754.37 604.78 
174.82 799.16 
477.64 373.38 
786.28 916.75 
859.34 654.85 
972.51 235.05 
666.53 467.45 
170.59 617.39 
535.92 371.15 
540.37 715.80 
366.87 951.44 
824.90 552.13 
990.85 173.14 
801.80 426.47 
358.32 882.20 
491.13 256.31 
134.03 582.81 
335.09 499.64 
340.33 869.45 
915.70 864.59 
640.24 540.54 
325.53 659.55 
299.98 772.80 
357.64 586.19 
122.55 783.86 
729.84 828.77 
191.85 661.61 
609.29 642.96 
318.96 588.27 
152.96 597.26 
630.74 537.24 
629.47 969.76 
191.11 470.94 
337.81 154.11 
996.65 617.80 
189.24 977.20 
835.58 956.49 
866.95 881.67 
352.45 385.41 
930.10 877.14 
607.75 105.71 
277.16 212.04 
273.92 896.01 
334.62 870.58 
258.13 606.54 
886.43 546.47 
592.28 451.55 
209.78 898.04 
981.24 327.42 
233.32 736.70 
649.36 734.89 
882.58 952.46 
776.78 533.56 
629.04 729.40 
665.07 906.89 
908.18 154.49 
823.69 265.29 
821.74 472.56 
517.52 366.29 
490.69 890.63 
266.23 279.08 
373.54 284.82 
435.72 272.00 
516.45 913.26 
113.02 351.10 
550.10 887.03 
904.50 227.75 
799.58 403.86 
948.31 743.30 
822.32 396.28 
882.06 929.44 
240.19 598.25 
755.60 631.73 
881.07 882.80 
630.22 174.87 
695.34 274.41 
954.35 697.76 
963.88 188.80 
156.86 236.10 
161.77 903.13 
848.44 881.51 
494.64 510.41 
471.13 494.06 
472.12 660.54 
287.76 497.80 
435.37 441.55 
450.80 535.90 
702.76 703.85 
641.94 714.84 
350.74 180.78 
122.61 214.76 
594.62 308.94 
486.62 395.02 
985.09 100.33 
